63772633960660671621466742082066532098886767254823976309790480706330648733380877853547073306757449746909326055018184473406043073481000946365011262025991297718662731186127348672258617303265505052110490267021901299602894137055190560435711630230965385425310924670581960751259957176287583797684758071997803834132728235841567588521259312345894175787297762262998730041773169734814872377589908784814330708611648634375089715257653038210428816702444863363466151975
23868949961072767313997015240116379664026983593191432384477819903057085157954378932888996037742876769550032861548891242273846933317112529176824263029877651982558172726847811368975655986323884332017591637926876127084138758357645434760382452298112787641619695665797241597824007964045555844873810423858870131518174693247189359338177076842098903060053333368443253179029270062133796201109321482004075544637408654229458259244440966194878323769455983810273402003
3757593538441647462570454350412106940656868178300634953493696558978274302179514257966202272603184296636098051117544054045604162975058936365816346993312513257437986284744400882922747546972069847910861214544052301768993225283018353739267330358870612382638179005942739444205780049373982239991267875000897447529184759766887033118841485228124655929137660146349858611506026942973025530368999636867430569344858739899127232819481218607327662887442236060111078263
7536338281117022352838992748275770169624838158161713427454864845627328869176732614879699302488984729341276140615842795104577178136798812856178624588977143566534313294576746648248225810333399754296897626247020813280377889590786521087501075406003919159086939242846768163466044359822347192874158107633766104077749152057126945850165612461564548648293587088374438327208692901281386191606735897378194475685309469637995951373555745696816567362242277925370401468
122277500822878673952095319629619374435233330485485670022386673564538912641657929991994409293541093678104703447416344987550636531558403738827409055914590982556747750276687880591437256817587570528799645053702999502556592137925648358117131388375797827453363555367677279938493700476879223799419961960975307616531173411718302115694615302498520609775393082956366267808287505355409538388474412213349106701419442072865788319421711612172517925511167428866778821804
269477994531057971217037024333672781528735977284955123456320488257352994547852251866361053087469197156763634414294734357954617416907258928183256578507359007369249468718472455240484335394214248025826898035397222336389602966257895758596599435667725104889990486862859387915209570663707962436266452357617454535330444976718750876173405622261922717565433897047151826174527631241812610260318493962876007406899450243788686851453081640590855905029296527747736737280
289706866203831276226291893908408773442013462128989355683893183720905493634286994339924117341079660384834577367159244820470352666771283144849303618790921355655787115689720142440739245490920103805027438809678426515332409413745075388598924237287623577367879908604774747170986614272088992804731997237000603186472971120658135895838295598775334455925746558480754898169796524418874857899179238172373564288592197511317188230362326524526281446161716476580628909183
341578565257770702169103141622820354076185341431701167331723634592686840810173212569523801156759398939483392016222750019456398786551119156848975453332060366111487988011814793799425262416187813330690698720554532243909814293320093146020201722746785757194432446222225151370847529880464166596930802159612296066218545970286493719137107078207944036391886291919616768510283137188203869878446165568046728971834580051946992937479980728554787520139696368813521534149
418925737410031865033809314272421639943748305440277425969845692605348565443846135044691019409931640119025220881736684982076351613942209009375435509150825611638047693361039458219671790931605161364436999387910833324958667169964451640453303111442908516022883418923415202479357003588625430648156652354054559421232093327618234559746231302211312301040422731230807884218418471629688776734915303201700318540747608338249382924418854737921415647165668183331570678836
329255513692046759064025254193622843196779894949307269701530457821862326504704261819468587632083898537196228554822256515289864326156460138720433807482491909899665889956250320381091986301602208265540417536135619432566467563684755078579177364149497590290382479440994153306274768831133472537198768600302244845076986458808480182682951523335532737405285768936983031829274794484642889094737226204401065763906721094374335290090532165845687140540284946084865255276
400745385171502005857986015078607096138067311067900734639839142170146484044390942264285768669912903242502756964668312159629633025578358019069323333847227406744738462669949499255488107585602431636626344539073984409341198350858313655758478629472846128368433579878618835928799229677660439835682593935451376810787368163533205766502424103521226806224496348227192282959283576724840876949430653771782886635354877663176324942626859711151738840547214102634787621404
332670279504133645581542128386812053777234348443790998470459913799955859781834733988991074198046099554515348472737919951970583072313808610132186369653307233803618309671742753482996269433545124177507730155488523459562206237101169630142159793036769065293335140530896273957679101323256048927229275439934566434847961333672717065696781568239419443232779390374544523681987861692274480446966039388850427730605225030125245734430065157852344037277964321672967784205
267227169646861201532115404650135334626483826065636290891441614649716692081185202432064478930504760431624268729223466578598268502832206246843399841566158600425270918473203119138094262589822046684670875218085174739789971117184386820457237376887945469146056971827637631794942164024965222921942897152728550976514667202912890945056297972409079498654164817039128550778807025724497509747548545251293202066146030180154704204748945621363857230159844477186782248122
429725940799332146461749590018617379023514570213022536271661697832840833143193478927717783333500147037759009625760476987258311060568700643998285760092786030818561639717604840350828959622113397801323640896544430723375344097139872992146066099478085843620144234516925443272131755335251852307043797711739232669965456809339369785040730925601632819346430761605898371073328184192326270380003835891641088847720037211422526885284136383429751311396873807570765401197
377276719326838506939620411313894224571331070665684711656958822235258474681170669287032377476420452623654627952187633502826168562686469478207147678985178040304349395874840506166973020800736102861640653160444272643853438008677945521814951151064571338152798115496855978080902912414405108139243642672015039632619542383564125093701488163798472207833890086381774176240159144583598065278737973281927072699763296216677243759472990210760947723851141029649296605017
220020584479808138945780378720739114684135533328109637969119456751178684279158451812331571223835750316958155719069648021105188580138067546650326663980672962154759395443891628796182068603397471155319288002883707084974666750741896950278179155506988785928209203809217289636107573776876724972116752236810748351473213421329483015522855324737450349440369631502854585893193095429808132170169822162551201999751448142133336603903007436482583096758239599854686396900
175033037993281959906143844861913714293146323272609407513936314004345659003758833774783593037884318427229499779469722136516919322722369769652557442305294827785149653271024953859985548340966271798304631570771232634339179396618268266839709179308463004797180438597108043386577399035484483498121173158236651580342167045023567533514940479642932644129736683851244540436415359115140862620179178601754099402505311210426500346207007268370499197998066968605186197709
452150104329682199995394855210595331493466672956356962152423671961575119889965703392323282212022211207652472995633677693003769801527963340369204950790661581255963328258366626243987417176978000575559030914917451372359287901072480879745291821077507753849673431333998079250057960021663980854573642273139503447295244553854406620776783621946912205904397202681645208525437637812492541143941554831374585849926524509746564387764653804695076063707263140766147599423
121689707357512526555784477975623035715428636445310649155557060691083051965460130300706949029108361364635256607872615246683128169400233131874377636917639821742096200696303289010235023838220184909137208054178248388503891483573563017425653862412069174355042912615648758157080199256944918221393364242007653875325574078905591965788209088180128917205451774197306992151758047621627813835959445053086823265807651217072469800068293807268234938122315319510231490182
362448997073799615600041390149647938941719053683737554786092995914332578112960895829558024791701079294025370618826568339393780723806406313209375172156523651429280416106264102461425392261518403890690842111780910221753503243513463862337085526679004873347980581764135782418203766310267876840911678680336581364842309898384638470745148677869915416161341939921473895460897696854199075191370702180173293549654737390899200794399281438193786020067254066132504645441
