277663551124605006026738625555168220337764600793889724066827246925946074188780196170806463352905517282857825919921314172451930129852522067919806139318895411316548937912751376522502083259503987524065028098552874942690748646500447680345579072381683771529911465592467071602210090885670691040677265182785269528183216701749253395153330517020642793653134034143296107878733097788293895349471
85650395927731313052046540992343926325027699717287174839191528170341123048927925134966298842306712632763385589282840522291699394183378162782570782058362848517162866327080724222496574808101300083694461928888246510283632057923399142074431579968284006548618428863006603954534856194702445930377214055488676744182206885813210051681789099759590089307354797146934759495846839456474338005205
138631944085846945265708950304003004051114214442797462635644820882757395373361645063308545497793164501297518529816906370955214447136512886302779562537668234806732153781472354586048214236545862884732614311689992315220773947090661500098809540618957591280144168727770129397477591044777847620923551371643957868770605149839833698509402881779314936767320903275111212849954541558081502463951
183627111903740340072875546920816177458914672625269058271221693510849867980109822199498073313617388812784899568396263045521753031797214373413474257411521905738709594785311020062910982712284710777551972558193939834881195101343123890553231394945132721944974448601843231928597739701820142110443521925887045824916319408951724190727300363438671873051952242067935342527340461854929466411897
22192616312329160965580836152136733936766238754703159673639103488885516561396292552587855486375285354481123958360501696736531104775898303004193091762650014291981195679246252548685556598806375436182292841576058078804170865306270570040810505197332628095753066953547930422736945693982906508654965193798043849713637021959174922875884074878679374947653277376778858774347320474352763791703
166307162632767292548860191309796500538468042145513985746043008568273535081862180314743740797060673693321878700873169565653875542523855800416092672995385751507609001199666678369439338973377887721991385716075703507313092932326728625801962396441200733045238252169518653178498127121826415452099872040394176077557089389662972378322252456468722344908536966446294333393228323866529757959058
16663288304601005351299545659955903588714247949854969650635021070444947936525978822196789386160525106029832643488193667115235572971130487411992640487646749730721493886198939900015765455765254839047978523438748178202654014202485932278626728397461714875962454640949369730006414842931135854527487533608996489657149823793871212485003792606109464913386830328575393863823262805622635058817
237733088809280177060783880531117703780686647438680185432049275902358367877106138570409591113079355023637896677942801867348580569062446980063543852607895742406362427746442190963136479233793931259529882717388666111205201835223958259198944615703586405620207702444632316494634012677038315661603698230334779645563034042377606970451339579184381527979801456948175076288247954099230579916997
120252686998951035882021031658076518467239842097807604805523907707803925270647880280758591242566042333469733505283691568778856443249757669050156193451382244185534927329588050560911948875578977533608050786948427478403386815866082000441020245379777371991320516376154024269887352440784487788754425692001568451896345692529406995274936768187528248696972433515288751265558712584177765650082
36947723261291562378913432194270607249403795823484648432737852916155829976891097385099638180903189148541272217004467514151333744669604926743827607780728647705359084617316218271023361252426793359634777030081575314351049339742202454331935215100072869255234754695898872887477130503178873578302483108399934571693784264268502862049678263886264745213893466701561018967018749975136670060178
27560948346483089814143968073396851346556557750696934683788577149894257165801999570402064028452635491109047613428407947621936161279570338549621154820782130407981333275058829248933736087634619465566857324706039913160965126379287468380106537620585379035350975375052047062036727382018625093160759132078143705661398202501326989011221648829062131540826266820970915234029336413380825267664
287731959640031025781466133499377819582138888936683232263611245509715198275921276874207273618526190930795587966128058921749486351690141880392525518307722851221887522880505099429194637770440483115304798293980817951930886860777935323190002288101790139492414036387270013729268920314682463922622655446113995126445729834656033077734768020790564609413805245507914352276582456958479668654354
105725288177117724175992119025934133615974421885070359796040266824849477788564509757080835486120423414312702291729932043357427873527959413286347007393429703598945604616362645603049819477472852688641478143671556210013900242794635806616463099237710825959451462756812049944976533076548158109657937542803595330779409286930079811103629389577277330703583002414287557430109970993214753989593
